pop_skewness,sample_size,mean_sampling_skewness
0.5,10,0.3070613532460883
0.7782516357974832,10,0.4511235694124354
1,10,0.6059313142127123
1.4142135623730951,10,0.8432437381820266
1.7501896550697178,10,0.8583768996324991
2,10,1.1521979057593879
2.5,10,1.385507783993939
3.262912728207002,10,1.2010161303607205
0.5,20,0.3859347463884044
0.7782516357974832,20,0.5753644372951104
1,20,0.7592648160802117
1.4142135623730951,20,1.0506516997124975
1.7501896550697178,20,1.1156021912744922
2,20,1.4258026233039411
2.5,20,1.7099312497175074
3.262912728207002,20,1.5887989211433902
0.5,30,0.41857223979217184
0.7782516357974832,30,0.6312721390677317
1,30,0.8244167876519036
1.4142135623730951,30,1.1414853642732952
1.7501896550697178,30,1.2411999893776082
2,30,1.5545643987839428
2.5,30,1.8711667747942315
3.262912728207002,30,1.8041145662300175
0.5,40,0.4374725299007461
0.7782516357974832,40,0.6610249172496662
1,40,0.8609452548532062
1.4142135623730951,40,1.1951823499515517
1.7501896550697178,40,1.3207037049279553
2,40,1.6323386879801294
2.5,40,1.9724315208865533
3.262912728207002,40,1.9486713611784943
0.5,50,0.44831935322161726
0.7782516357974832,50,0.6806209715543791
1,50,0.885079767668001
1.4142135623730951,50,1.2302404779799827
1.7501896550697178,50,1.3749402464953775
2,50,1.6850160089090125
2.5,50,2.0453350750354784
3.262912728207002,50,2.05922057455386
0.5,75,0.46481121269374853
0.7782516357974832,75,0.7099022223540439
1,75,0.9186882517723065
1.4142135623730951,75,1.2814913229236555
1.7501896550697178,75,1.4636415347201255
2,75,1.7669650292621606
2.5,75,2.1541245359175574
3.262912728207002,75,2.2497463990716433
0.5,100,0.47242788492565485
0.7782516357974832,100,0.7253648861277221
1,100,0.9377485669869602
1.4142135623730951,100,1.3098281347978427
1.7501896550697178,100,1.5154608405346894
2,100,1.8151768793504597
2.5,100,2.2209294647009505
3.262912728207002,100,2.375923557647921
